1111111111111111111111111111111111111111111111111111111111111111111111111111111111111
32132222222222222222225555555555555555555555555555555555555555555555555555555555555
5145666666666666666666666614655555555555555555555555555555555555555555555555
5614685555555555555555555555555555555555555555555555555555555555555
56145614
6514
8564854614655555555555555555555555555555555551
1
5146514
61561
65111111111111111111111111111465145614
61465
14631438566666666666666666666666666666666666156
156
115666666666666666666666666666111111111115615614
5145614615614
56145416416
